40.741015 -74.005509 40.733274 -73.987040
40.722981 -73.988679 40.741289 -73.975324 40.742320 -73.977717
40.693741 -73.985799 40.693774 -73.987222 40.694967 -73.987135 40.695022 -73.988594 40.700001 -73.988342 40.699996 -73.987786 40.700281 -73.987814 40.700313 -73.988659 40.700702 -73.988710 40.700806 -73.990225 40.711929 -74.004094 40.712528 -74.004682 40.714235 -74.003326 40.715601 -74.003014 40.722315 -73.997186 40.723802 -73.996415 40.725171 -73.995302 40.725541 -73.996910 40.725844 -73.997593 40.726939 -73.996646 40.727668 -73.998199 40.728675 -73.997311
40.728691 -73.997282 40.727684 -73.998149 40.729168 -74.001178 40.730006 -74.000470 40.731621 -73.999126 40.732313 -74.000458 40.731073 -74.001438 40.728960 -73.997118 40.729489 -73.996552 40.730042 -73.996651 40.731072 -73.997223 40.737381 -73.992633 40.741534 -73.989594 40.741300 -73.988840 40.741785 -73.988299 40.742308 -73.987530 40.742692 -73.987396 40.742615 -73.986696 40.745247 -73.984813 40.745915 -73.986403 40.742573 -73.988820 40.737081 -73.990316 40.734221 -73.992538 40.728775 -73.997226
40.728725 -73.997291 40.733286 -73.993318 40.732517 -73.991354 40.731753 -73.991446 40.729830 -73.986904 40.730396 -73.986264 40.729725 -73.986738 40.729934 -73.987352 40.729902 -73.988934 40.730148 -73.989469 40.729732 -73.990155 40.729837 -73.991425 40.727941 -73.993178 40.729604 -73.996609 40.728757 -73.997319
40.728739 -73.997261 40.727685 -73.998191 40.725839 -73.994464 40.725260 -73.992289 40.724037 -73.992713 40.723303 -73.990352 40.722201 -73.990931 40.721014 -73.987003 40.720984 -73.987042 40.721438 -73.988537 40.722659 -73.987920 40.723748 -73.991004 40.724043 -73.991014 40.724906 -73.990397 40.725680 -73.992153 40.727216 -73.995285 40.727821 -73.994764 40.728917 -73.997115 40.729568 -73.996571 40.728797 -73.995069 40.728175 -73.995606 40.727813 -73.994806 40.728414 -73.994265 40.727878 -73.993171 40.730099 -73.991191 40.732266 -73.996359 40.735008 -73.994324 40.735021 -73.994366 40.731390 -73.997038 40.730672 -73.997171 40.729593 -73.996604 40.729262 -73.996880 40.727703 -73.998226 40.727897 -73.998766 40.727834 -73.998797 40.727816 -73.998752 40.727862 -73.998726 40.727689 -73.998228 40.728722 -73.997309
40.700643 -73.987050 40.714996 -73.995097 40.715620 -73.995817 40.716280 -73.996242 40.717113 -73.998647 40.718037 -73.999957 40.720854 -73.997674 40.723450 -73.996693 40.723688 -73.996475 40.724247 -73.997778 40.725505 -73.996713 40.725890 -73.997548 40.726944 -73.996664 40.727694 -73.998168 40.728697 -73.997301 40.727693 -73.998195 40.728193 -73.999195 40.728533 -73.999874 40.728507 -73.999908 40.728173 -73.999191 40.727661 -73.998199 40.728712 -73.997322
40.693704 -73.985201 40.693786 -73.987188 40.697880 -73.987012 40.699910 -73.986821 40.700669 -73.987217 40.700762 -73.989971 40.711856 -74.003998 40.712519 -74.004781 40.713194 -74.004182 40.714923 -74.007942 40.716017 -74.007105 40.716593 -74.008381 40.719779 -74.005965 40.724268 -74.002181 40.728093 -73.998954 40.727684 -73.998177 40.728703 -73.997281
40.727680 -73.998191 40.724158 -74.001137 40.723078 -73.998929 40.722326 -73.997124 40.721597 -73.997788 40.719955 -73.992930 40.723736 -73.990985 40.724309 -73.990893 40.724679 -73.991713 40.724631 -73.991745 40.723278 -73.988439 40.723948 -73.987979 40.723010 -73.985760 40.726674 -73.983122 40.726564 -73.982392 40.726649 -73.981359 40.726808 -73.980879 40.726754 -73.980866 40.726045 -73.983514 40.722291 -73.986247 40.724099 -73.992199 40.725166 -73.995268 40.725468 -73.996551 40.725580 -73.996958 40.726618 -73.999052 40.728926 -73.997106 40.731088 -74.001403 40.731061 -74.001419 40.728921 -73.997131 40.727705 -73.998183 40.727959 -73.998740 40.727870 -73.998792 40.727934 -73.998700 40.727679 -73.998219 40.728715 -73.997317 40.728967 -73.997113 40.731100 -74.001371
40.716262 -73.996121 40.717941 -73.995110 40.719059 -73.994562 40.720971 -73.993848 40.721313 -73.994704 40.725467 -73.993036 40.725846 -73.994457 40.727997 -73.998810 40.727803 -73.999026 40.727933 -73.998774 40.727660 -73.998197 40.728706 -73.997294
40.717567 -73.999319 40.719578 -73.998084 40.720712 -73.997349 40.721076 -73.998207 40.722320 -73.997130 40.723480 -73.996632 40.725923 -73.994662 40.728009 -73.998826 40.727662 -73.998177 40.728696 -73.997295
40.728664 -73.997318 40.728927 -73.997101 40.731068 -74.001395 40.730570 -74.001712 40.729394 -74.005426 40.729495 -74.006959 40.727325 -74.007306 40.726936 -74.003221 40.726511 -74.002360 40.728813 -74.000418 40.729179 -74.001196 40.730434 -74.000137 40.728909 -73.997103 40.731606 -73.994782 40.730049 -73.991062 40.729854 -73.991421 40.730078 -73.992837 40.730616 -73.992384 40.731623 -73.994772 40.733052 -73.993562 40.732596 -73.993891 40.728678 -73.997344
40.716259 -73.996070 40.717307 -73.995430 40.717872 -73.997113 40.718597 -73.996694 40.719466 -73.996307 40.725650 -73.993763 40.725941 -73.994625 40.727684 -73.998180 40.728684 -73.997301
40.714364 -74.008407 40.713625 -74.006759 40.726525 -73.995837 40.727690 -73.998175 40.731609 -73.994773 40.735202 -73.991686 40.733968 -73.988771 40.733403 -73.987362 40.733369 -73.987380 40.734413 -73.989897 40.733914 -73.989840 40.733479 -73.989927 40.731324 -73.990386 40.731785 -73.991544 40.729639 -73.993311 40.730023 -73.994055 40.729380 -73.994606 40.729773 -73.995370 40.729218 -73.995816 40.729625 -73.996618 40.728703 -73.997334
40.713487 -73.994245 40.714188 -73.994625 40.714912 -73.995025 40.715564 -73.995722 40.716270 -73.996150 40.718398 -73.994955 40.720258 -73.994191 40.724120 -73.992747 40.724361 -73.993515 40.725458 -73.993035 40.725848 -73.994478 40.727687 -73.998182 40.727908 -73.998731 40.727850 -73.998775 40.727826 -73.998719 40.727945 -73.998649 40.727699 -73.998160 40.728935 -73.997079 40.731072 -74.001333 40.731035 -74.001367 40.728932 -73.997113 40.728695 -73.997322
40.740259 -74.005865 40.739643 -74.006343 40.739419 -74.006443 40.736947 -74.006496 40.735721 -74.006795 40.735956 -74.005126 40.734020 -74.004557 40.729718 -74.002146 40.727688 -73.998171 40.728697 -73.997311
40.713150 -74.004051 40.714941 -74.007953 40.715437 -74.007547 40.716909 -74.010774 40.728913 -74.008598 40.730342 -74.008216 40.730107 -74.005474 40.730911 -74.002815 40.729884 -74.002229 40.729686 -74.002177 40.729905 -74.001333 40.730257 -74.001008 40.730000 -74.000501 40.730440 -74.000116 40.728936 -73.997087 40.728677 -73.997298 40.728933 -73.997142 40.731015 -74.001357 40.731048 -74.001330 40.727306 -73.993648 40.727864 -73.993148 40.727116 -73.991602 40.726501 -73.990177 40.725235 -73.987120 40.726999 -73.985748 40.729199 -73.991004 40.729925 -73.990775 40.730043 -73.991081 40.729858 -73.991467 40.730098 -73.992846 40.729599 -73.993219 40.729992 -73.994072 40.728167 -73.995588 40.728572 -73.996339 40.727295 -73.997417 40.727702 -73.998205 40.728697 -73.997280
40.725870 -73.997562 40.725517 -73.996674 40.724636 -73.994260 40.723527 -73.994700 40.721891 -73.995342
40.751534 -73.993947 40.750330 -73.991148 40.738463 -73.999778 40.736395 -74.001211 40.733522 -74.002869 40.733208 -74.002445 40.732065 -74.001445 40.731649 -74.000937 40.731056 -73.999612 40.730451 -74.000160 40.728921 -73.997085
40.718056 -74.001216 40.718655 -74.002514 40.717465 -74.003548 40.717276 -74.003162
40.731082 -74.001471 40.746081 -73.990545 40.748508 -73.996478 40.749405 -73.997403 40.749625 -73.998964 40.740295 -74.005870 40.733605 -73.989831 40.730953 -73.990511 40.727215 -73.993694 40.729019 -73.997169 40.728668 -73.997858
40.728641 -73.997353 40.726656 -73.999149 40.728636 -74.003140 40.729087 -74.003529 40.731594 -74.004950 40.731984 -74.003637 40.732404 -74.003665 40.734256 -74.004662 40.736785 -74.005392 40.737140 -74.005797 40.741351 -74.005034 40.741682 -74.004835 40.732031 -73.982090 40.724641 -73.987408 40.726068 -73.990980 40.728282 -73.995714 40.728678 -73.997158
40.734691 -73.994592 40.732267 -73.996381 40.732943 -73.997967 40.730470 -74.000090 40.728946 -73.997116 40.729573 -73.996594 40.731026 -73.997258 40.735223 -73.994119 40.734658 -73.994517 40.726527 -73.975322 40.725322 -73.976211 40.724881 -73.975174 40.720019 -73.978723 40.720813 -73.981208 40.726475 -73.977105 40.731964 -73.990149 40.732763 -73.990053 40.734676 -73.994599
40.728545 -73.997417 40.730742 -73.995603 40.733693 -74.001598 40.732450 -74.005453 40.732366 -74.005826 40.732426 -74.006488 40.736532 -74.005838 40.736529 -74.005812 40.736218 -74.008273 40.740310 -74.007994 40.741625 -74.006949 40.739734 -74.002483 40.739769 -74.002578 40.739346 -74.002759 40.733769 -73.999437 40.731012 -74.001409
40.734681 -73.994632 40.737690 -74.001829 40.737539 -74.003892 40.737529 -74.009858 40.736968 -74.009845 40.736878 -74.005427 40.736622 -74.005294 40.737175 -74.001441 40.736502 -74.001029 40.734047 -73.995084
40.729538 -73.996557 40.731737 -74.001047 40.731117 -74.002956 40.731485 -74.003157 40.731145 -74.004241 40.730793 -74.005326 40.731072 -74.008053 40.735734 -74.006808 40.735357 -74.009937 40.738159 -74.009759 40.738098 -74.009713 40.738150 -74.002067 40.737665 -74.001782 40.734665 -73.994563 40.733991 -73.995002 40.735383 -73.998202 40.734737 -73.998759 40.733398 -73.995500 40.732868 -73.995915 40.734234 -73.999151 40.733587 -73.999601 40.732249 -73.996306 40.731386 -73.996993
40.728078 -73.998974 40.729752 -74.002322 40.728877 -74.005282 40.728585 -74.005357 40.728984 -74.009391 40.732659 -74.008659 40.736242 -74.008247 40.736027 -74.009908 40.729825 -74.010490 40.729380 -74.005213 40.728888 -74.005276
40.731338 -73.996889 40.733445 -74.001085 40.737073 -74.002105 40.737138 -74.001476 40.738728 -74.002377 40.738767 -74.009636 40.738123 -74.009662 40.739372 -74.009521 40.739421 -74.003883 40.737538 -74.003921 40.733637 -74.002840 40.731676 -74.000974 40.729579 -73.996624 40.728633 -73.997357
40.767695 -73.982188 40.747236 -73.997114 40.749579 -74.002825 40.741402 -74.008765 40.740786 -74.008872 40.740749 -74.008881 40.740726 -74.008894 40.739488 -74.009622 40.740694 -74.008826 40.739349 -74.005366 40.737574 -74.005672 40.737521 -74.005809 40.735956 -74.005192 40.736542 -74.001095 40.733781 -73.999519 40.731670 -74.000957
40.728908 -73.997211 40.726422 -73.991864 40.726478 -73.991790 40.727738 -73.991261 40.723920 -73.982073 40.728774 -73.978522 40.734558 -73.992308 40.731787 -73.994598 40.728910 -73.997197
40.730524 -73.995741 40.735235 -73.991731 40.733976 -73.988777 40.764740 -73.966346
40.788829 -73.953831 40.787857 -73.951628 40.787249 -73.952223 40.786514 -73.950425 40.764674 -73.966402
40.744010 -73.983807 40.752206 -73.977686 40.752852 -73.979313 40.759809 -73.974225 40.759112 -73.972631 40.754172 -73.976301 40.754376 -73.976907 40.752429 -73.978411 40.752174 -73.977816 40.751579 -73.978254 40.752183 -73.979802 40.745241 -73.984776 40.745930 -73.986403 40.745318 -73.986818 40.745326 -73.986821 40.745342 -73.986794 40.744025 -73.983800 40.743362 -73.984182 40.744731 -73.987335 40.744042 -73.987772 40.742725 -73.984597 40.742639 -73.984559 40.742670 -73.984624 40.742121 -73.985046 40.742818 -73.986605 40.740888 -73.987997 40.740217 -73.986325 40.735286 -73.990016
40.789904 -73.954335 40.730889 -73.997342
40.728680 -73.996578 40.726358 -73.991860 40.728430 -73.990993 40.721644 -73.974753 40.722592 -73.974503 40.724285 -73.973569 40.730019 -73.987191 40.730005 -73.987160 40.729896 -73.988892 40.727280 -73.982723 40.726712 -73.983173 40.729799 -73.990424 40.730094 -73.992841 40.729040 -73.993738 40.730175 -73.996072 40.728691 -73.997333
40.788905 -73.954084 40.789216 -73.954774 40.788559 -73.955277 40.787917 -73.953646 40.759740 -73.974240 40.760419 -73.975861
40.735659 -73.993895 40.737318 -73.992644 40.744020 -74.008471 40.744706 -74.008304 40.737925 -73.992206 40.735261 -73.994192
40.712431 -74.004956 40.711651 -74.007626 40.711986 -74.008084 40.712537 -74.007633 40.713282 -74.009284 40.720621 -74.003460 40.719883 -74.002631 40.725846 -73.997597 40.726572 -73.999156 40.728729 -73.997296
40.712104 -74.005794 40.711391 -74.008570 40.712848 -74.011853 40.717464 -74.010645 40.717275 -74.009107 40.719047 -74.008795 40.718283 -74.007112 40.723685 -74.005912 40.729427 -74.005283 40.732254 -74.003610 40.731742 -74.003340 40.732325 -74.001698 40.731687 -74.001002 40.731049 -74.001459 40.728978 -73.997136
40.733329 -73.987161 40.755852 -73.970765 40.758538 -73.977178 40.756035 -73.979022 40.757401 -73.982261 40.752920 -73.985494 40.751583 -73.982278
40.755813 -73.986496 40.757255 -73.989805 40.757869 -73.989359 40.755506 -73.983633 40.765021 -73.976655 40.763671 -73.973491 40.760411 -73.975916
40.708157 -74.013521 40.707065 -74.013982 40.707000 -74.013449 40.706563 -74.013852 40.706235 -74.014342 40.704870 -74.015033 40.705067 -74.016114
40.731627 -73.999111 40.732971 -74.001755 40.731602 -74.005730 40.731997 -74.010262 40.732420 -74.010153 40.734091 -73.999647 40.734679 -73.999938 40.733218 -74.009790 40.732475 -74.009874 40.732434 -74.010171 40.733146 -74.010167 40.733200 -74.009814 40.733188 -74.010172 40.733852 -74.010202 40.735257 -74.000398
40.760398 -73.975803 40.761793 -73.979064 40.764336 -73.977195 40.762992 -73.973988 40.763633 -73.973497 40.760026 -73.964804 40.728606 -73.987682
40.733802 -73.999445 40.735965 -74.000707 40.734573 -74.010061 40.734250 -74.010052 40.734501 -74.008434 40.734237 -74.010078 40.731276 -74.010372 40.730968 -74.006742 40.730204 -74.006877 40.730595 -74.010409 40.729103 -74.010569 40.728786 -74.007098 40.732434 -74.006442 40.732351 -74.005797 40.732434 -74.005480 40.731830 -74.005162 40.732351 -74.003630
40.768098 -73.984064 40.772211 -73.993765 40.771660 -73.994233 40.769926 -73.994529 40.763659 -73.998887 40.761766 -74.001361 40.754318 -74.006701 40.753797 -74.007010 40.750216 -74.008265 40.749526 -74.006610 40.748305 -74.007563 40.743115 -74.008474 40.742831 -74.007779 40.742155 -74.008216 40.741651 -74.007016 40.740345 -74.007988 40.739641 -74.006289 40.739390 -74.006462 40.736954 -74.006494 40.736938 -74.005857 40.733045 -74.006464 40.733162 -74.005843 40.731820 -74.005125 40.731659 -74.005879 40.731581 -74.005638 40.731362 -74.005528 40.731886 -74.003786
40.739874 -74.002554 40.739136 -74.003002 40.736693 -74.005800 40.735807 -74.006018 40.736553 -74.001090 40.737853 -74.000117
40.741933 -73.989336 40.748302 -73.988123 40.753113 -73.987303 40.760616 -73.984548 40.763987 -73.982449 40.766149 -73.981848 40.768517 -73.981531
40.782076 -73.971742 40.768398 -73.981700 40.768340 -73.982322 40.768031 -73.982411 40.767724 -73.982224 40.766722 -73.982880 40.767931 -73.985728 40.750253 -73.998618 40.745301 -73.986891 40.744717 -73.987337 40.745272 -73.988721 40.744514 -73.988841 40.744075 -73.987746 40.743468 -73.988193 40.743797 -73.989011 40.743036 -73.989143 40.742878 -73.988668 40.742831 -73.988715 40.742991 -73.989156 40.741804 -73.989463 40.731507 -73.997028
40.780738 -73.972642 40.779470 -73.973592 40.781892 -73.979320 40.749572 -74.002816
40.716304 -73.996111 40.717262 -73.998938 40.722024 -74.005456 40.728335 -74.002804 40.727619 -74.001440 40.728807 -74.000407 40.727833 -73.998484
40.712773 -74.004995 40.713656 -74.006755 40.713059 -74.007256 40.714930 -74.011361 40.715216 -74.013223 40.719061 -74.012284 40.726168 -74.010833 40.729139 -74.010563 40.729007 -74.009342 40.726078 -74.009911 40.726006 -74.009067 40.728193 -74.008746 40.727605 -74.002530 40.728142 -74.002058 40.727033 -73.999836 40.728063 -73.998941
40.731374 -73.996783 40.738507 -73.991802 40.739880 -73.995052 40.740464 -73.994614 40.739076 -73.991365 40.739691 -73.990948 40.741033 -73.994208 40.741636 -73.993745 40.740247 -73.990511 40.741561 -73.989594 40.742907 -73.992854 40.743590 -73.992323 40.742307 -73.989318 40.743045 -73.989203 40.744189 -73.991896 40.744833 -73.991412 40.743799 -73.988995 40.744572 -73.988886 40.745428 -73.990979 40.746044 -73.990511 40.744687 -73.987282 40.745906 -73.986355 40.745587 -73.985520
40.729209 -73.995782 40.727098 -73.991549 40.721248 -73.977809 40.720642 -73.978248 40.723647 -73.985238 40.722988 -73.985737 40.723942 -73.988003 40.726409 -73.986186 40.728324 -73.990869 40.727121 -73.991538 40.729164 -73.995812
40.716280 -73.996095 40.716583 -73.996977 40.718140 -73.995994 40.718778 -73.995703 40.719631 -73.998091 40.721670 -74.002203 40.722548 -74.001428 40.722963 -74.002171 40.724185 -74.001136 40.725281 -74.003362 40.726484 -74.002350 40.725025 -73.999332 40.726281 -73.998281 40.726650 -73.999070 40.728705 -73.997295
40.716213 -73.996019 40.715908 -73.995052 40.720082 -73.992825 40.719859 -73.992113 40.722169 -73.990876 40.721917 -73.990071 40.723289 -73.989298 40.724309 -73.992670 40.726449 -73.991889 40.728213 -73.995586
40.714869 -74.008064 40.715456 -74.007595 40.713694 -74.003689 40.714157 -74.003501 40.714619 -74.004104 40.715551 -74.006139 40.716002 -74.007125 40.716548 -74.006679 40.715770 -74.004980 40.716314 -74.004573 40.717077 -74.006302 40.717714 -74.005776 40.716867 -74.004044 40.717471 -74.003507 40.718285 -74.005312 40.718868 -74.004835 40.718046 -74.003092 40.718667 -74.002527 40.719493 -74.004393 40.720056 -74.003961 40.719179 -74.002112 40.719451 -74.001907 40.720454 -74.003252 40.726241 -73.998287
40.714370 -73.990269 40.722405 -73.986294 40.720880 -73.981218 40.721074 -73.981059 40.723010 -73.985752 40.723664 -73.985273 40.724632 -73.987492 40.723906 -73.988003 40.724958 -73.990429 40.727463 -73.988545 40.728322 -73.990860 40.727185 -73.991738
40.726563 -73.995945 40.731757 -73.991418 40.734825 -73.998804 40.734677 -73.999957 40.739423 -74.002732
40.767874 -73.982146 40.758653 -73.959725 40.758040 -73.960183 40.760017 -73.964815 40.759291 -73.965328 40.758311 -73.962934 40.741318 -73.975327 40.744617 -73.983194 40.735254 -73.990018
40.752243 -73.993499 40.757031 -74.004899 40.755696 -74.002018 40.756542 -74.001495 40.751675 -73.990164 40.751040 -73.990600 40.752220 -73.993488
40.737307 -73.992698 40.732205 -73.980571 40.732201 -73.980317 40.732266 -73.980112 40.732365 -73.979984 40.732657 -73.979741 40.732799 -73.979652 40.733069 -73.979554 40.733211 -73.979578 40.733326 -73.979637 40.733456 -73.979871 40.733843 -73.980739 40.733267 -73.981151 40.737937 -73.992218 40.738497 -73.991809 40.733851 -73.980763 40.734448 -73.980294 40.739103 -73.991379
40.762321 -73.986164 40.761709 -73.986598 40.756612 -73.974474 40.754138 -73.976356 40.754403 -73.976929 40.752449 -73.978374
40.752265 -73.993535 40.751007 -73.990608 40.758004 -73.985544 40.763657 -73.998991 40.764292 -73.998509 40.758593 -73.985119 40.759910 -73.984205
40.714039 -73.990233 40.714649 -73.983198 40.714863 -73.982844 40.714452 -73.981594 40.719984 -73.978729 40.723103 -73.976454 40.729261 -73.990981 40.729914 -73.990745 40.730620 -73.992420
40.738491 -73.991817 40.745354 -74.008085 40.746087 -74.007987 40.739069 -73.991355
40.704954 -74.013330 40.702472 -74.012811 40.702892 -74.011894 40.703343 -74.010191 40.707461 -74.004065 40.709704 -74.001442 40.710991 -74.000527 40.713427 -73.998015 40.714098 -73.990105
40.704562 -74.013271 40.704535 -74.014258 40.703636 -74.014400 40.703157 -74.014450 40.703120 -74.013024 40.702432 -74.012863 40.703120 -74.012980 40.703213 -74.012600 40.702742 -74.012314 40.703222 -74.012550 40.703711 -74.010656 40.703313 -74.010173 40.703727 -74.010629 40.704877 -74.008855 40.705297 -74.008124 40.705566 -74.007932 40.706713 -74.006781 40.706992 -74.006486 40.707709 -74.004653 40.708198 -74.003564 40.708021 -74.003417 40.707375 -74.004106 40.707202 -74.003971 40.707691 -74.003077 40.708781 -74.000859 40.710820 -74.003357 40.712184 -74.005537 40.711685 -74.007647 40.712035 -74.008129 40.713048 -74.007290 40.714350 -74.010043
40.762322 -73.986093 40.766813 -73.996752 40.767503 -73.996601 40.753805 -73.964011 40.753939 -73.964358 40.753320 -73.964814 40.753150 -73.964426 40.755831 -73.970758 40.755154 -73.971159 40.756634 -73.974579 40.757238 -73.974094 40.762300 -73.986087
40.739708 -73.990984 40.734265 -73.978141 40.733112 -73.975366 40.732794 -73.975566 40.732548 -73.975940 40.732448 -73.976355 40.732433 -73.976638 40.732455 -73.976847 40.732562 -73.977178 40.732718 -73.977519 40.732915 -73.977747 40.733090 -73.977882 40.733317 -73.977965 40.733526 -73.977963 40.733724 -73.977916 40.733979 -73.977786 40.734079 -73.977703 40.732783 -73.974510 40.730993 -73.974060 40.729820 -73.974895 40.730234 -73.975866 40.730427 -73.976010 40.730671 -73.975999 40.730999 -73.975831 40.731208 -73.975636 40.731316 -73.975508 40.731396 -73.975339 40.731405 -73.975065 40.731011 -73.974021 40.728648 -73.975742 40.736029 -73.993550
40.703587 -74.013140 40.701543 -74.012534 40.701946 -74.010722 40.702153 -74.010014 40.702556 -74.009121 40.704546 -74.005949 40.706277 -74.003206 40.708637 -73.998993 40.708829 -73.999191 40.710202 -73.989753 40.710782 -73.984708 40.711024 -73.980548 40.714241 -73.980931 40.713791 -73.985215 40.713404 -73.990112 40.714056 -73.990195
40.702381 -74.012749 40.701543 -74.012534 40.701876 -74.011219 40.702957 -74.011497 40.704025 -74.011619 40.705475 -74.011471 40.705983 -74.011419 40.706523 -74.011062 40.707143 -74.010654 40.708593 -74.009393 40.710584 -74.007402 40.711250 -74.006489 40.711737 -74.005811 40.712027 -74.005376 40.711638 -74.006957 40.709659 -74.004832 40.709427 -74.005116 40.710650 -74.007541 40.711399 -74.008689 40.712038 -74.010106
40.704055 -74.013183 40.704707 -74.013291 40.705790 -74.013371 40.706590 -74.012674 40.712015 -74.008165 40.713641 -74.011686 40.714305 -74.011519 40.713849 -74.010590 40.713347 -74.010991 40.712735 -74.011586 40.712141 -74.011857 40.712085 -74.011966 40.709714 -74.012842 40.709306 -74.011939 40.710993 -74.010768 40.711960 -74.010177
40.762995 -73.981877 40.761782 -73.979054 40.767805 -73.993319 40.767163 -73.993762 40.768017 -73.995835 40.769266 -73.994858 40.763549 -73.981423 40.763030 -73.981765
40.762995 -73.981877 40.763598 -73.981432 40.755459 -73.962087 40.754844 -73.962574 40.759141 -73.972710 40.758512 -73.973152 40.767942 -73.995753
40.714423 -73.990229 40.714250 -73.989650 40.714125 -73.989593 40.714184 -73.988688 40.712780 -73.988477 40.712655 -73.990041 40.714457 -73.990247 40.714695 -73.991111 40.722581 -73.987092 40.722690 -73.987086 40.724961 -73.992438 40.725271 -73.992310 40.725921 -73.994684 40.727680 -73.998183 40.728700 -73.997305
40.714385 -73.990295 40.714914 -73.991919 40.719252 -73.989662 40.722692 -73.987907 40.722905 -73.988591 40.721616 -73.988992 40.720474 -73.989618 40.715052 -73.992373 40.715376 -73.993406 40.717820 -73.992147 40.721923 -73.990052 40.723154 -73.989405 40.723462 -73.990359 40.719781 -73.992142 40.716730 -73.993710 40.716690 -73.993907 40.716266 -73.994116 40.715957 -73.994181 40.715846 -73.994155 40.715055 -73.994521 40.714309 -73.994119 40.714541 -73.990554
40.704473 -74.013245 40.704475 -74.014248 40.703611 -74.014396 40.703569 -74.011677 40.703526 -74.011549 40.703717 -74.010624 40.704513 -74.009423 40.704083 -74.008970 40.704213 -74.008777 40.703337 -74.007780 40.704262 -74.006302 40.705193 -74.007395 40.705545 -74.007937 40.706389 -74.009488 40.707770 -74.011701 40.708308 -74.011256 40.707701 -74.010214 40.706951 -74.008988 40.705716 -74.006886 40.705626 -74.006767 40.706144 -74.006009 40.706728 -74.006805 40.706379 -74.007137 40.707337 -74.008631 40.707726 -74.008276 40.708608 -74.009366 40.708953 -74.010079 40.709665 -74.011681 40.710362 -74.011194 40.711975 -74.010187
40.714417 -73.990258 40.711244 -73.989796 40.711199 -73.989967 40.710144 -73.989769 40.710507 -73.986618 40.714321 -73.987173 40.714838 -73.987162 40.715400 -73.987047 40.715963 -73.986722 40.721432 -73.983880 40.721680 -73.984705 40.716209 -73.987536 40.716746 -73.989185 40.714680 -73.990257
40.741035 -73.994178 40.742497 -73.997638 40.745800 -74.005500 40.746794 -74.007897 40.747509 -74.007739 40.741618 -73.993743
40.761678 -73.986555 40.766130 -73.997160 40.765546 -73.997600 40.752688 -73.967222 40.753268 -73.966598 40.753231 -73.966543 40.752535 -73.966840 40.751957 -73.965446 40.751948 -73.965244 40.751985 -73.965128 40.752250 -73.964835 40.752360 -73.964777 40.752484 -73.964827 40.755171 -73.971176 40.757074 -73.969851 40.754250 -73.963176 40.758376 -73.973020 40.759012 -73.972475 40.758343 -73.970847
40.728729 -73.997281 40.726606 -73.999122 40.725544 -73.996905 40.725153 -73.995303 40.724190 -73.992511 40.721616 -73.993469 40.720080 -73.988360 40.721962 -73.987400 40.721218 -73.987788 40.722855 -73.993166 40.722389 -73.993334 40.722731 -73.994162 40.725460 -73.993038 40.725893 -73.994617 40.727683 -73.998192 40.728733 -73.997281
40.705044 -74.013332 40.704967 -74.011649 40.705035 -74.011403 40.705063 -74.011110 40.705085 -74.010620 40.705146 -74.009978 40.705309 -74.009022 40.705404 -74.008366 40.705436 -74.008025 40.705544 -74.007955 40.706726 -74.006781 40.705820 -74.005577 40.705760 -74.005445 40.705239 -74.004753 40.705793 -74.003870 40.706743 -74.004949 40.706973 -74.005056 40.707902 -74.006012 40.708720 -74.007293 40.710328 -74.009544 40.710423 -74.009463 40.711008 -74.010777 40.711961 -74.010192
40.704052 -74.013195 40.704024 -74.011590 40.704246 -74.011562 40.704368 -74.011113 40.704505 -74.010761 40.704754 -74.010333 40.705147 -74.009989 40.704775 -74.009741 40.704554 -74.010063 40.704721 -74.010294 40.704552 -74.010076 40.704298 -74.010381 40.704139 -74.010706 40.704431 -74.010870 40.704137 -74.010724 40.703800 -74.010486 40.704498 -74.009436 40.704776 -74.009752 40.705159 -74.009999 40.705336 -74.009996 40.705793 -74.009856 40.706031 -74.009727 40.706389 -74.009491 40.706965 -74.008985 40.707713 -74.008281 40.710941 -74.005053 40.710198 -74.004256 40.710796 -74.003410 40.710028 -74.002419 40.709543 -74.003148 40.710249 -74.004189 40.710186 -74.004263 40.712040 -74.006263 40.711424 -74.008723 40.712082 -74.010132 40.711858 -74.010277
40.704556 -74.013290 40.704542 -74.014252 40.703187 -74.014454 40.702787 -74.014259 40.702572 -74.014020 40.702462 -74.013762 40.702405 -74.013372 40.702424 -74.012818 40.702792 -74.012151 40.703001 -74.011409 40.703288 -74.010220 40.704122 -74.008961 40.703630 -74.008528 40.703235 -74.007999 40.703673 -74.008509 40.705028 -74.006621 40.706959 -74.003759 40.706802 -74.003620 40.707865 -74.001469 40.708287 -74.001884 40.708199 -74.002035 40.707765 -74.001708 40.708287 -74.001924 40.708878 -74.002520 40.709465 -74.001670 40.708780 -74.000900 40.708433 -74.000527 40.707923 -74.000166 40.708323 -74.000456 40.707870 -74.001475 40.707493 -74.001079 40.707293 -74.001343 40.707751 -74.001714 40.707293 -74.001355 40.706716 -74.002324 40.708724 -74.003979 40.707904 -74.006043 40.707384 -74.005483 40.707217 -74.005967 40.707885 -74.006873 40.708357 -74.007685 40.709559 -74.006401 40.710770 -74.008817 40.711528 -74.010472 40.711858 -74.010277
40.704561 -74.014205 40.704986 -74.014002 40.705798 -74.013331 40.706815 -74.012474 40.706111 -74.010748 40.705779 -74.009813 40.705538 -74.009042 40.705981 -74.008849 40.705538 -74.009060 40.704970 -74.008910 40.704783 -74.009734 40.705146 -74.009988 40.705037 -74.011408 40.704997 -74.011558 40.704729 -74.011564 40.704674 -74.012590 40.705009 -74.012635 40.706537 -74.011882 40.706817 -74.012470 40.707774 -74.011687 40.707160 -74.010723 40.708127 -74.009817 40.708791 -74.010837 40.709314 -74.011945 40.710420 -74.011155 40.711858 -74.010277
40.704561 -74.014205 40.705139 -74.013903 40.705882 -74.013260 40.706210 -74.014201 40.706261 -74.014297 40.706267 -74.014383 40.706514 -74.013906 40.706851 -74.013591 40.707155 -74.013373 40.706759 -74.012491 40.708830 -74.010840 40.709312 -74.011928 40.706951 -74.013540 40.707135 -74.013974 40.708824 -74.013224 40.709780 -74.012818 40.712091 -74.011971 40.712913 -74.013985 40.714437 -74.013408 40.712744 -74.009672 40.711842 -74.010254
40.784486 -73.977324 40.781195 -73.979762 40.781781 -73.981138 40.781038 -73.981471 40.779830 -73.981778 40.778821 -73.982067 40.777925 -73.982154 40.774740 -73.982312 40.772536 -73.982287 40.769814 -73.982262 40.768335 -73.982187 40.768000 -73.982396 40.767729 -73.982310 40.767405 -73.982340
40.767386 -73.982371 40.767765 -73.982140 40.767974 -73.982401 40.768248 -73.982317 40.768481 -73.982186 40.768964 -73.982209 40.769838 -73.984308 40.769232 -73.984731 40.772883 -73.993434 40.771631 -73.990465 40.749546 -74.006546 40.743548 -73.992323 40.742897 -73.992798
40.712673 -73.990037 40.713385 -73.990136 40.712744 -73.998008 40.713170 -73.998127 40.713245 -73.998229 40.712556 -73.998922 40.712491 -73.998854 40.711895 -73.998691 40.711977 -73.997769 40.713156 -73.998126 40.713529 -73.998635 40.713811 -73.997996 40.714065 -73.997587 40.714655 -73.997157 40.714998 -73.998864 40.715632 -73.998489 40.716199 -74.000135 40.716548 -73.999926 40.716928 -74.000806 40.717298 -74.001562 40.718026 -74.003029 40.719472 -74.006144 40.720086 -74.005668 40.719869 -74.005193 40.720628 -74.005230 40.720096 -74.005699 40.720413 -74.006366 40.720385 -74.005962 40.721677 -74.005737 40.721649 -74.005452
40.712673 -73.990037 40.712108 -73.996889 40.711976 -73.997722 40.711794 -73.999661 40.711715 -74.000841 40.711790 -73.999716 40.711031 -74.000462 40.711243 -74.000700 40.711408 -74.000828 40.711572 -74.000867 40.711725 -74.000852 40.711715 -74.001200 40.711610 -74.002509 40.711114 -74.002094 40.710715 -74.001772 40.710356 -74.001364 40.710184 -74.001097 40.709642 -74.000339 40.708756 -73.999249 40.708894 -73.998515 40.708973 -73.997840 40.709227 -73.996244 40.714132 -73.997479 40.714066 -73.997154 40.714292 -73.994141 40.714248 -73.994856 40.713687 -73.994555 40.713020 -73.994455 40.713100 -73.993608 40.713580 -73.993893 40.713750 -73.993966 40.713826 -73.993906 40.714300 -73.993950 40.715358 -73.993414 40.715813 -73.994868 40.716528 -73.994720 40.716980 -73.994469 40.716752 -73.993712 40.716455 -73.992815 40.716242 -73.992015 40.715558 -73.989740 40.714497 -73.990391
40.712676 -73.990078 40.713078 -73.985061 40.713541 -73.980870 40.713771 -73.979290 40.713258 -73.977581 40.712407 -73.978002 40.712214 -73.980727 40.711543 -73.980638 40.711233 -73.984788 40.713082 -73.985073 40.713208 -73.983862 40.712497 -73.983808 40.712385 -73.984954 40.712506 -73.983779 40.711300 -73.983594 40.711345 -73.983345 40.710855 -73.983280 40.711341 -73.983357 40.711296 -73.983945 40.710778 -73.983850 40.711278 -73.983951 40.711228 -73.984788 40.710729 -73.984699 40.711710 -73.984847 40.711251 -73.989650 40.710895 -73.992090 40.710562 -73.994155 40.709523 -73.994031 40.710085 -73.994132 40.709793 -73.996073 40.709284 -73.995942 40.709244 -73.996251 40.709734 -73.996381 40.710085 -73.994120 40.710562 -73.994138 40.710216 -73.996506 40.709788 -73.996411 40.709567 -73.997829 40.709586 -73.997951 40.709646 -73.998036 40.709734 -73.998071 40.710956 -73.998431 40.711032 -73.998424 40.711103 -73.998343 40.711133 -73.998220 40.711369 -73.996773 40.711446 -73.995880 40.711755 -73.992476 40.714658 -73.992861 40.715124 -73.992614 40.714434 -73.990313 40.714289 -73.990249
40.714638 -73.990230 40.716731 -73.989174 40.713258 -73.977580 40.714534 -73.976876 40.716570 -73.975850 40.717928 -73.975264 40.718914 -73.975114 40.720792 -73.974923 40.721636 -73.974773 40.722509 -73.976881 40.721879 -73.977388 40.722884 -73.979745 40.724081 -73.978843 40.725087 -73.981217 40.725695 -73.980755 40.723697 -73.976040 40.724321 -73.975611 40.731179 -73.991956 40.727794 -73.994782 40.728941 -73.997131
40.768676 -73.985233 40.765068 -73.976646 40.764320 -73.977203 40.771573 -73.994275 40.770710 -73.994376 40.762228 -73.974468 40.760482 -73.975785
40.712610 -73.990092 40.712313 -73.994388 40.709496 -73.994023 40.709834 -73.991794 40.711800 -73.992199 40.711944 -73.989822 40.712661 -73.989876 40.713050 -73.985066 40.713798 -73.985133 40.714504 -73.984769 40.716194 -73.983607 40.719400 -73.994430 40.719590 -73.994482 40.720537 -73.996862
40.714587 -73.990217 40.716816 -73.989025 40.716512 -73.988269 40.718222 -73.987551 40.717987 -73.986989 40.717449 -73.985697 40.714953 -73.977711 40.714815 -73.977469 40.714622 -73.976849 40.715309 -73.976511 40.715480 -73.977077 40.715514 -73.977281 40.715426 -73.977281 40.714878 -73.977572 40.715421 -73.977277 40.715512 -73.977277 40.715541 -73.977519 40.715693 -73.978067 40.715165 -73.978387 40.715698 -73.978057 40.715952 -73.978927 40.715436 -73.979207 40.715955 -73.978907 40.716458 -73.980586 40.715939 -73.980870 40.716458 -73.980577 40.716978 -73.982281 40.716436 -73.982569 40.716984 -73.982264 40.717144 -73.982843 40.717174 -73.983150 40.716731 -73.983384 40.717179 -73.983135 40.717429 -73.984012 40.716948 -73.984263 40.717423 -73.984000 40.717931 -73.985672 40.717839 -73.985737 40.718077 -73.986375 40.720045 -73.992867 40.718166 -73.993821 40.716697 -73.989101 40.714515 -73.990160
40.764837 -73.997956 40.758040 -73.981833
40.781933 -73.979231 40.785760 -73.976418
40.722933 -73.979744 40.723667 -73.981418
40.701362 -74.012215 40.701921 -74.009362 40.706073 -74.002966 40.707512 -74.000137 40.708785 -73.997506 40.710105 -73.987979 40.710841 -73.979866 40.711078 -73.978994 40.711624 -73.978148 40.712387 -73.977540 40.713998 -73.976652 40.716814 -73.975257 40.717813 -73.974785 40.718135 -73.974688 40.718824 -73.974598 40.719020 -73.975386
40.710243 -74.007826 40.709103 -74.005475 40.708844 -74.005116 40.707585 -74.004135 40.707301 -74.004030 40.706159 -74.003089
40.730100 -73.999543 40.728879 -73.997102 40.728934 -73.997055 40.731067 -74.001334
40.693417 -73.986247 40.692201 -73.986276 40.692169 -73.985309 40.694375 -73.985179 40.694386 -73.986190 40.694923 -73.986161 40.695022 -73.988662 40.693406 -73.988717 40.693340 -73.987251 40.693745 -73.987150 40.693735 -73.986211
40.693773 -73.986219 40.693741 -73.987196 40.693363 -73.987300 40.693404 -73.988994 40.693110 -73.989048 40.693059 -73.989964 40.693068 -73.990778 40.693340 -73.991792 40.693525 -73.992306 40.693137 -73.990766 40.693092 -73.990088 40.693170 -73.989066 40.693441 -73.989023 40.693354 -73.987317 40.693773 -73.987178 40.693727 -73.985917 40.693755 -73.986304 40.693785 -73.987170 40.694959 -73.987255 40.695037 -73.988633 40.699996 -73.988281 40.699997 -73.987773 40.700651 -73.987731 40.700743 -73.989965 40.711786 -74.003986 40.712429 -74.004612 40.713503 -74.004870 40.714185 -74.006261 40.726530 -73.995845 40.727707 -73.998168 40.728674 -73.997311
40.728927 -73.997104 40.727826 -73.994790 40.724999 -73.997141 40.726519 -73.995895 40.729171 -74.001208 40.730421 -74.000138 40.729086 -73.997441 40.731015 -74.001262
40.715729 -73.995826 40.716196 -73.996166 40.718463 -73.994865 40.718779 -73.995705 40.722720 -73.994149 40.723047 -73.994915 40.725646 -73.993756 40.725839 -73.994466 40.726938 -73.996671 40.728195 -73.995588 40.728931 -73.997104 40.729322 -73.997890 40.729938 -73.997359 40.731706 -74.000948 40.731052 -73.999571 40.730423 -74.000136 40.728911 -73.997129 40.730292 -73.999955 40.730789 -74.000856 40.731045 -74.001379 40.731405 -74.001078
40.693753 -73.986182 40.691079 -73.986349 40.690534 -73.985131 40.689049 -73.986136 40.687352 -73.981811 40.688715 -73.980888 40.689054 -73.981291 40.691514 -73.987337 40.693717 -73.987211 40.693666 -73.985839
40.731628 -74.000888 40.731054 -74.001343 40.728929 -73.997098 40.727829 -73.994786 40.730083 -73.992838 40.729893 -73.991519 40.730102 -73.991192 40.730191 -73.991370 40.730614 -73.992446 40.727806 -73.994745 40.728870 -73.997092 40.727692 -73.998173 40.727914 -73.998610 40.727879 -73.998659 40.727669 -73.998185 40.728698 -73.997282
40.726122 -73.998414 40.724990 -73.999337 40.724198 -73.997730
40.710108 -74.011456 40.709706 -74.011718 40.710359 -74.013080 40.711124 -74.014592 40.711575 -74.015818 40.712116 -74.015945 40.712550 -74.016031 40.712533 -74.014286 40.712744 -74.013993 40.712464 -74.013386 40.711552 -74.013633 40.711276 -74.013294 40.711808 -74.012149 40.711712 -74.011503 40.711899 -74.011442
40.724468 -73.997616 40.725495 -73.996718 40.725875 -73.997558 40.726925 -73.996661 40.727689 -73.998176
40.727981 -73.994655 40.731728 -73.991463 40.734800 -73.990765 40.735183 -73.990135 40.744585 -73.983233 40.745605 -73.985676
40.726207 -73.995139 40.727966 -73.998723 40.727680 -73.998192 40.728702 -73.997268
40.693683 -73.985851 40.693704 -73.987170 40.696238 -73.987074 40.696292 -73.988544 40.700008 -73.988344 40.700003 -73.987795 40.700220 -73.987810 40.700273 -73.988700 40.700717 -73.988709 40.700749 -73.989732 40.700610 -73.989840 40.711676 -74.003759 40.712314 -74.004495 40.712687 -74.004429 40.713647 -74.003514 40.714285 -74.002521 40.715061 -74.002026 40.713960 -73.999572 40.715149 -73.999647 40.716105 -73.999182 40.719411 -73.997238 40.723369 -73.995718 40.724942 -73.994901 40.725857 -73.994466 40.727685 -73.998173 40.728925 -73.997113 40.731064 -74.001407 40.732891 -73.999963
40.693584 -73.986110 40.691120 -73.986312 40.691020 -73.986527 40.690235 -73.987076 40.690521 -73.987804 40.684687 -73.991904 40.684672 -73.991856 40.690946 -73.987635 40.691454 -73.987336 40.691037 -73.986255 40.693591 -73.986171
40.731338 -74.001101 40.731025 -74.001352 40.728928 -73.997103 40.727704 -73.998175 40.725833 -73.994461
40.779532 -73.955678 40.777886 -73.951741 40.774653 -73.954100 40.775607 -73.956354 40.771425 -73.959364 40.771446 -73.959428 40.772981 -73.958327 40.773670 -73.959942
40.726523 -73.995843 40.727687 -73.998167 40.728927 -73.997093 40.727834 -73.994766 40.730611 -73.992402 40.731605 -73.994792 40.732168 -73.994300 40.731166 -73.991915 40.730079 -73.992899 40.729865 -73.991401 40.727886 -73.993149 40.728411 -73.994246 40.727814 -73.994744 40.730456 -74.000133 40.729821 -74.000729 40.729162 -74.001201 40.727688 -73.998191 40.728437 -73.997550
40.693799 -73.987195 40.698516 -73.986983 40.699793 -73.986752 40.714872 -73.995015 40.715510 -73.995679 40.716126 -73.996125 40.719478 -73.994383 40.721062 -73.998212 40.722568 -74.001400 40.726245 -73.998319 40.726615 -73.999059 40.728713 -73.997272
40.783876 -73.979959 40.783160 -73.978306 40.783830 -73.977808 40.782631 -73.974985 40.781961 -73.975475 40.781694 -73.974748 40.782636 -73.974246 40.783258 -73.974519 40.784486 -73.977401
40.717552 -73.999306 40.718446 -73.998754 40.719007 -73.998390 40.719584 -73.998106 40.719805 -73.998559 40.720845 -73.997659 40.721449 -73.997389 40.721591 -73.997775 40.722318 -73.997171 40.722671 -73.997973 40.725272 -73.995796 40.725503 -73.996715 40.726528 -73.995847 40.727684 -73.998171 40.728936 -73.997105 40.731055 -74.001409
40.731030 -74.001343 40.728929 -73.997111 40.728918 -73.997141 40.730403 -74.000151 40.730000 -74.000501 40.731041 -73.999592 40.731222 -73.998107 40.730922 -73.997506 40.731428 -73.996989 40.738507 -73.991786 40.737801 -73.990127 40.737122 -73.990323 40.735206 -73.991689 40.734545 -73.992263 40.732726 -73.993817 40.730720 -73.995568 40.728453 -73.997509
40.715801 -73.995902 40.716273 -73.996137 40.717112 -73.998588 40.718167 -73.997950 40.718453 -73.998759 40.719607 -73.998089 40.720438 -73.999857 40.726132 -73.995063 40.727690 -73.998167 40.728933 -73.997103 40.731058 -74.001412 40.730065 -73.999356 40.728807 -74.000425 40.727682 -73.998149 40.728942 -73.997071 40.731058 -74.001391
40.692244 -73.987279 40.693790 -73.987214 40.693749 -73.986191 40.692193 -73.986274 40.692230 -73.987373 40.693762 -73.987282 40.693733 -73.986172 40.693817 -73.987228 40.697924 -73.987012 40.699881 -73.986831 40.700645 -73.987208 40.700750 -73.989987 40.711972 -74.004134 40.712525 -74.004779 40.712754 -74.004719 40.713503 -74.004819 40.715529 -74.009268 40.728778 -74.007075 40.728366 -74.002743 40.728248 -74.002351 40.727356 -74.000592 40.728436 -73.999650 40.727692 -73.998161 40.728714 -73.997273
40.729990 -73.994090 40.730722 -73.995555 40.730547 -73.996908 40.731203 -73.998262 40.731063 -73.999589 40.729165 -74.001202 40.727682 -73.998179 40.729583 -73.996579 40.731183 -73.997110 40.735314 -73.994118 40.734524 -73.992243 40.735293 -73.994104 40.731181 -73.997136 40.729567 -73.996571 40.728923 -73.997095 40.727822 -73.994781
40.764039 -73.982489 40.763357 -73.982825 40.762202 -73.983535 40.761170 -73.984214 40.760105 -73.984812 40.759843 -73.984174 40.757965 -73.985552 40.756780 -73.982708 40.746023 -73.990529 40.745277 -73.988722
40.728682 -73.997303 40.728939 -73.997113 40.726451 -73.991905 40.725579 -73.989837 40.726187 -73.989426 40.725244 -73.987108 40.726438 -73.986197 40.727426 -73.988476 40.733038 -73.984375 40.733682 -73.984246 40.733453 -73.984800 40.733390 -73.985244 40.734003 -73.986738 40.728567 -73.990689 40.728116 -73.991251 40.727235 -73.991764 40.729571 -73.996560 40.728953 -73.997125 40.731050 -74.001362
40.697042 -73.988509 40.700013 -73.988314 40.699986 -73.987792 40.700659 -73.987738 40.700759 -73.990018 40.712495 -74.004791 40.712836 -74.004831 40.713497 -74.004824 40.714013 -74.004398 40.714690 -74.005887 40.715246 -74.005418 40.716002 -74.007108 40.716556 -74.006682 40.717124 -74.007946 40.721379 -74.004608 40.721797 -74.005174 40.722280 -74.004818 40.728429 -73.999669 40.727694 -73.998168 40.728688 -73.997280
40.730432 -74.000123 40.727307 -74.002758 40.726224 -74.003760 40.725512 -74.004007 40.725248 -74.003375 40.724060 -74.004381 40.721934 -74.000054 40.721119 -73.998172 40.720175 -73.996036 40.719786 -73.996139 40.718754 -73.996595 40.717920 -73.997088 40.717324 -73.995483 40.716260 -73.996110 40.715105 -73.996859 40.715650 -73.998488 40.716799 -73.997767 40.717635 -74.000268 40.719382 -73.998928 40.720871 -73.997648 40.721012 -73.997608 40.721454 -73.997394 40.721591 -73.997766 40.721843 -73.997584 40.722336 -73.997164 40.723695 -73.996504 40.724244 -73.997789 40.726536 -73.995841 40.727937 -73.998684 40.727907 -73.998720 40.727659 -73.998208 40.728750 -73.997271 40.728761 -73.997313 40.727706 -73.998188 40.729667 -74.002180 40.729817 -74.002216 40.731735 -74.000956 40.731061 -73.999605 40.731120 -73.998831 40.731190 -73.998128 40.730893 -73.997355 40.730660 -73.997188 40.730161 -73.996093 40.728736 -73.997253
40.693978 -73.987207 40.697835 -73.987011 40.700097 -73.986806 40.700549 -73.987063 40.714870 -73.994986 40.715743 -73.995917 40.716254 -73.996122 40.717125 -73.998598 40.718183 -73.997949 40.718454 -73.998773 40.719397 -73.998238 40.719971 -73.997853 40.720713 -73.997334 40.721424 -73.999063 40.725118 -73.995913 40.725697 -73.997671 40.726917 -73.996664 40.727681 -73.998209 40.728710 -73.997300 40.728920 -73.997138 40.728192 -73.995571 40.728810 -73.995042 40.729043 -73.995584 40.728480 -73.996062 40.731016 -74.001334
40.731071 -74.001403 40.728919 -73.997050
40.691447 -73.987287 40.692214 -73.987206 40.692175 -73.986255 40.693097 -73.986255 40.693754 -73.986148 40.693783 -73.987202
40.742856 -73.992739 40.743558 -73.992304 40.743052 -73.991040 40.743043 -73.991024 40.743030 -73.991024 40.743005 -73.991091 40.743571 -73.992389 40.742244 -73.993320 40.740896 -73.990099 40.731425 -73.997006 40.730771 -73.997117 40.730095 -73.996737 40.729564 -73.996575 40.728866 -73.997160 40.728567 -73.997452 40.727681 -73.998206 40.727998 -73.998765 40.727917 -73.998774 40.727636 -73.998198 40.728898 -73.997036 40.731046 -74.001322
40.693759 -73.987174 40.693749 -73.986214 40.693102 -73.986252 40.693151 -73.987276 40.693364 -73.987276 40.693410 -73.988774 40.693155 -73.988758 40.693076 -73.989759 40.693454 -73.989947 40.693726 -73.990372 40.695113 -73.995351
40.711088 -74.003023 40.712505 -74.004811 40.712115 -74.006014 40.711722 -74.007573 40.712764 -74.009643 40.713275 -74.009314 40.713864 -74.010569 40.720732 -74.005144 40.728077 -73.998964 40.727679 -73.998204 40.728518 -73.997421 40.728937 -73.997068 40.731062 -74.001385
40.768978 -73.982219 40.770654 -73.986213 40.770593 -73.986256 40.768927 -73.982232
40.693782 -73.987176 40.694966 -73.987151 40.695031 -73.988665 40.700012 -73.988362 40.699998 -73.987800 40.700688 -73.987760 40.700759 -73.989971 40.712520 -74.004789 40.713743 -74.003448 40.714225 -74.002680 40.714688 -74.002279 40.714849 -74.001494 40.713523 -73.998678 40.715011 -73.998875 40.717692 -73.997196 40.719080 -73.996437 40.725657 -73.993765 40.725906 -73.994632 40.727692 -73.998184 40.728023 -73.997938 40.729528 -73.996619 40.735205 -73.991668 40.733304 -73.987149 40.729595 -73.989908 40.729861 -73.991458 40.727308 -73.993678 40.728911 -73.997070
40.731188 -74.001148 40.730633 -74.000712 40.730302 -73.999903 40.729934 -73.999130 40.729564 -73.998343 40.729127 -73.997916 40.728900 -73.997101 40.728725 -73.997859 40.729299 -73.997983 40.729844 -73.999009 40.730226 -73.999811 40.730605 -74.000544 40.730926 -74.001282
40.708976 -74.004555 40.709409 -74.005148 40.710529 -74.003838 40.711143 -74.003497 40.711473 -74.003014 40.711567 -74.002620 40.711674 -74.001702 40.711715 -74.000831 40.713016 -74.000849 40.713527 -73.998898 40.713859 -73.998017 40.714356 -73.997346 40.716271 -73.996144 40.717210 -73.998914 40.717955 -73.999930 40.720785 -73.997692 40.723482 -73.996653 40.725940 -73.994647 40.727693 -73.998169 40.728929 -73.997110 40.731046 -74.001351
40.693093 -73.987239 40.693096 -73.986230 40.693750 -73.986189 40.693787 -73.987181 40.693376 -73.987252 40.693404 -73.989110 40.692242 -73.989151 40.692344 -73.989528 40.693639 -73.990178 40.695231 -73.995879 40.701489 -73.992853 40.701556 -73.992031 40.700813 -73.990971 40.700761 -73.990009 40.711925 -74.004066 40.712279 -74.004474 40.712664 -74.004463 40.713211 -74.004066 40.713677 -74.003665 40.714280 -74.002540 40.715174 -74.002136 40.720836 -73.997668 40.722294 -73.997100 40.722674 -73.997976 40.725188 -73.995886 40.726136 -73.995057 40.727697 -73.998183 40.728713 -73.997287
40.739490 -74.008215 40.742610 -74.007704 40.743464 -74.006963 40.744724 -74.007045 40.751882 -74.001925 40.752750 -74.002087 40.754329 -74.005717
40.737688 -74.004612 40.738765 -74.003391 40.739341 -74.002801 40.747200 -73.997107 40.745993 -73.994239 40.736461 -74.001162 40.732348 -74.003591 40.729673 -74.002161 40.727693 -73.998179 40.728749 -73.997244